301	0.0460
302	0.2077
303	0.5303
304	0.3705
305	0.0117
306	0.0499
307	0.1221
308	0.1278
309	0.0722
310	0.1163
311	0.0729
312	0.2042
313	0.9950
314	0.0429
315	0.1279
316	0.2552
317	0.1259
318	0.0093
319	0.0261
320	0.5789
321	0.0161
322	0.0206
323	0.2085
324	0.0967
325	0.1067
326	0.1311
327	0.1175
328	0.1952
329	0.0693
330	0.0973
331	0.0116
332	0.1752
333	0.4105
334	0.1502
335	0.1062
336	0.0292
337	0.3046
338	0.1430
339	0.2235
340	0.0399
341	0.0207
342	0.1522
343	0.0235
344	0.0340
345	0.0696
346	0.0136
347	0.1556
348	0.3119
349	0.0830
350	0.0413
351	0.1858
352	0.2254
353	0.1960
354	0.0210
355	0.0659
356	0.2076
357	0.0327
358	0.1655
359	0.1516
360	0.0254
361	0.2076
362	0.0509
363	0.0934
364	0.1438
365	0.1928
366	0.1123
367	0.0949
368	0.2445
369	0.4520
370	0.0277
371	0.1797
372	0.0993
373	0.1876
374	0.2748
375	0.1293
376	0.0005
377	0.1916
378	0.0474
379	0.0321
380	0.2409
381	0.0308
382	0.2491
383	0.1238
384	0.2010
385	0.1342
386	0.1181
387	0.1430
388	0.0593
389	0.0342
390	0.1082
391	0.0131
392	0.0912
393	0.0801
394	0.0042
395	0.0338
396	0.1783
397	0.0420
398	0.1404
399	0.2190
400	0.3611
401	0.0192
402	0.0866
403	0.1459
404	0.0688
405	0.1205
406	0.2080
407	0.1938
408	0.1496
409	0.0703
410	0.1750
411	0.2705
412	0.0207
413	0.0363
414	0.1186
415	0.2272
416	0.1531
417	0.0254
418	0.0976
419	0.1053
420	0.3533
421	0.0711
422	0.0900
423	0.6391
424	0.0432
425	0.1123
426	0.0699
427	0.1973
428	0.0716
429	0.3030
430	0.1951
431	0.1332
432	0.0828
433	0.1505
434	0.0614
435	0.0662
436	0.0469
437	0.0984
438	0.0426
439	0.1141
440	0.0389
441	0.2758
442	0.0529
443	0.0180
444	0.1854
445	0.1324
446	0.0554
447	0.1073
448	0.0178
449	0.0895
450	0.1691
601	0.0971
602	0.1824
603	0.2356
604	0.3266
605	0.0442
606	0.0616
607	0.1373
608	0.0221
609	0.1295
610	0.0945
611	0.1646
612	0.1173
613	0.0923
614	0.2395
615	0.1072
616	0.0678
617	0.0510
618	0.5213
619	0.3560
620	0.0497
621	0.4016
622	0.0251
623	0.1843
624	0.3325
625	0.2259
626	0.1002
627	0.0209
628	0.1585
629	0.1556
630	0.0960
631	0.2503
632	0.1559
633	0.2076
634	0.1949
635	0.1042
636	0.0534
637	0.3571
638	0.0365
639	0.0300
640	0.1227
641	0.2795
642	0.2745
643	0.2449
644	0.1414
645	0.2448
646	0.0958
647	0.1371
648	0.0171
649	0.2004
650	0.1875
651	0.0522
652	0.1591
653	0.4600
654	0.0630
655	0.1328
656	0.1266
657	0.0861
658	0.1676
659	0.0652
660	0.1739
661	0.2548
662	0.1542
663	0.0693
664	0.0926
665	0.1641
666	0.0902
667	0.1618
668	0.0589
669	0.0807
670	0.1322
671	0.1272
673	0.1857
674	0.0853
675	0.1796
676	0.2549
677	0.4450
678	0.0533
679	0.0121
680	0.0700
681	0.0483
682	0.0720
683	0.1276
684	0.0043
685	0.1178
686	0.1654
687	0.0917
688	0.0737
689	0.0221
690	0.0475
691	0.0614
692	0.4507
693	0.0527
694	0.2389
695	0.1944
696	0.1051
697	0.0714
698	0.1195
699	0.0059
700	0.0609
