301	0.0768
302	0.2766
303	0.8948
304	0.7159
305	0.0223
306	0.0918
307	0.2706
308	0.2344
309	0.1421
310	0.1921
311	0.1632
312	0.5349
313	0.6593
314	0.0781
315	0.2307
316	0.5940
317	0.1695
318	0.0182
319	0.0468
320	0.9950
321	0.0218
322	0.0389
323	0.2984
324	0.1703
325	0.1354
326	0.1593
327	0.2214
328	0.2412
329	0.1374
330	0.1897
331	0.0176
332	0.3210
333	0.4955
334	0.1540
335	0.1266
336	0.0589
337	0.3039
338	0.2103
339	0.3405
340	0.0804
341	0.0355
342	0.2431
343	0.0499
344	0.0581
345	0.1177
346	0.0263
347	0.3273
348	0.8312
349	0.1477
350	0.0769
351	0.2891
352	0.1100
353	0.2545
354	0.0387
355	0.1139
356	0.1768
357	0.0650
358	0.2520
359	0.3143
360	0.0483
361	0.2220
362	0.0977
363	0.1582
364	0.2189
365	0.2645
366	0.1973
367	0.2048
368	0.3063
369	0.4450
370	0.0653
371	0.3005
372	0.1874
373	0.2724
374	0.5062
375	0.2153
376	0.0005
377	0.3243
378	0.1007
379	0.0633
380	0.3694
381	0.0561
382	0.3411
383	0.2264
384	0.2989
385	0.1947
386	0.1894
387	0.3038
388	0.1102
389	0.0610
390	0.1532
391	0.0211
392	0.1495
393	0.1639
394	0.0096
395	0.0731
396	0.1946
397	0.0721
398	0.2620
399	0.2702
400	0.5047
401	0.0346
402	0.1461
403	0.2500
404	0.1530
405	0.2039
406	0.3184
407	0.2871
408	0.2405
409	0.1132
410	0.2219
411	0.2744
412	0.0355
413	0.0680
414	0.2208
415	0.4076
416	0.2434
417	0.0437
418	0.1673
419	0.1671
420	0.5424
421	0.1526
422	0.1607
423	0.4375
424	0.0847
425	0.1985
426	0.1161
427	0.2215
428	0.1096
429	0.2958
430	0.1866
431	0.2480
432	0.1781
433	0.2890
434	0.1179
435	0.1086
436	0.0817
437	0.1685
438	0.0838
439	0.1861
440	0.0624
441	0.2472
442	0.1009
443	0.0298
444	0.1798
445	0.2213
446	0.0901
447	0.2023
448	0.0343
449	0.1548
450	0.3053
601	0.1792
602	0.3236
603	0.4004
604	0.4438
605	0.0902
606	0.1092
607	0.2383
608	0.0343
609	0.2041
610	0.1708
611	0.2742
612	0.1959
613	0.1565
614	0.2006
615	0.1800
616	0.1109
617	0.0940
618	0.9897
619	0.6189
620	0.0900
621	0.5101
622	0.0465
623	0.2756
624	0.2987
625	0.2567
626	0.1880
627	0.0353
628	0.3224
629	0.2997
630	0.1505
631	0.5465
632	0.3248
633	0.1891
634	0.0874
635	0.1565
636	0.1000
637	0.4914
638	0.0663
639	0.0595
640	0.2029
641	0.3703
642	0.4391
643	0.3689
644	0.2307
645	0.3110
646	0.1436
647	0.2240
648	0.0237
649	0.2505
650	0.3077
651	0.0948
652	0.2499
653	0.6602
654	0.1068
655	0.2654
656	0.1678
657	0.1451
658	0.2075
659	0.1205
660	0.2165
661	0.1563
662	0.2654
663	0.1062
664	0.1430
665	0.3109
666	0.1374
667	0.2377
668	0.0984
669	0.1664
670	0.2724
671	0.2015
673	0.2787
674	0.1764
675	0.2778
676	0.4050
677	0.3176
678	0.1039
679	0.0132
680	0.1149
681	0.0855
682	0.1071
683	0.1406
684	0.0031
685	0.1854
686	0.1933
687	0.1876
688	0.1319
689	0.0368
690	0.0882
691	0.0945
692	0.6428
693	0.0964
694	0.2222
695	0.2901
696	0.1397
697	0.1169
698	0.1974
699	0.0040
700	0.1166
