301	0.1597
302	0.3306
303	0.5481
304	0.4595
305	0.1260
306	0.1455
307	0.3981
308	0.4629
309	0.3237
310	0.1248
311	0.2949
312	0.4846
313	0.7793
314	0.2536
315	0.1855
316	0.0888
317	0.4932
318	0.0803
319	0.2458
320	0.4152
321	0.2240
322	0.0598
323	0.3322
324	0.1826
325	0.4219
326	0.5396
327	0.3537
328	0.5682
329	0.1518
330	0.2527
331	0.0245
332	0.2779
333	0.5451
334	0.2229
335	0.2582
336	0.0768
337	0.7676
338	0.4742
339	0.3655
340	0.1275
341	0.1761
342	0.4586
343	0.2197
344	0.2249
345	0.1684
346	0.1678
347	0.4628
348	0.4214
349	0.8948
350	0.1049
351	0.3038
352	0.2653
353	0.4860
354	0.1737
355	0.2111
356	0.3242
357	0.1189
358	0.3437
359	0.1842
360	0.0827
361	0.6125
362	0.2728
363	0.1795
364	0.9950
365	0.5862
366	0.3573
367	0.8898
368	0.6038
369	0.4254
370	0.0916
371	0.2124
372	0.1993
373	0.2656
374	0.4473
375	0.4132
376	0.0429
377	0.5740
378	0.2203
379	0.6091
380	0.3094
381	0.2542
382	0.4438
383	0.2897
384	0.3403
385	0.2675
386	0.2696
387	0.5266
388	0.1322
389	0.0947
390	0.4285
391	0.1478
392	0.9269
393	0.3426
394	0.0886
395	0.6469
396	0.3420
397	0.2648
398	0.2258
399	0.5424
400	0.5038
401	0.0372
402	0.4102
403	0.9440
404	0.1534
405	0.4212
406	0.5290
407	0.2970
408	0.5374
409	0.1759
410	0.4748
411	0.4096
412	0.1865
413	0.2683
414	0.2864
415	0.3934
416	0.4990
417	0.6055
418	0.3514
419	0.2771
420	0.4880
421	0.2092
422	0.2174
423	0.6750
424	0.7194
425	0.4122
426	0.1811
427	0.2908
428	0.1736
429	0.7393
430	0.3521
431	0.4428
432	0.1695
433	0.2195
434	0.2764
435	0.1664
436	0.2888
437	0.2414
438	0.2035
439	0.2637
440	0.3067
441	0.6946
442	0.2594
443	0.0289
444	0.5986
445	0.4285
446	0.3152
447	0.3513
448	0.1486
449	0.3978
450	0.3057
601	0.2614
602	0.3315
603	0.4166
604	0.5266
605	0.0638
606	0.2108
607	0.2498
608	0.0851
609	0.3228
610	0.1208
611	0.2735
612	0.4886
613	0.2280
614	0.3311
615	0.2075
616	0.3591
617	0.1122
618	0.6147
619	0.4445
620	0.1613
621	0.3539
622	0.2060
623	0.3873
624	0.4215
625	0.3349
626	0.3161
627	0.0505
628	0.2466
629	0.3185
630	0.2004
631	0.2574
632	0.1518
633	0.6098
634	0.4660
635	0.2769
636	0.1245
637	0.2319
638	0.2410
639	0.1176
640	0.2409
641	0.2482
642	0.3774
643	0.2381
644	0.2730
645	0.6693
646	0.2263
647	0.4618
648	0.0801
649	0.5467
650	0.3219
651	0.1512
652	0.2189
653	0.5414
654	0.3882
655	0.2516
656	0.2747
657	0.2103
658	0.5885
659	0.1185
660	0.2973
661	0.5803
662	0.3987
663	0.1947
664	0.2465
665	0.2513
666	0.1798
667	0.2639
668	0.3400
669	0.4470
670	0.1840
671	0.2149
673	0.3316
674	0.3336
675	0.3354
676	0.6682
677	0.4984
678	0.1218
679	0.0464
680	0.1850
681	0.1522
682	0.2139
683	0.4469
684	0.0005
685	0.2716
686	0.2838
687	0.2373
688	0.1302
689	0.0693
690	0.1319
691	0.1801
692	0.3731
693	0.1674
694	0.5933
695	0.2189
696	0.2157
697	0.2206
698	0.2027
699	0.1371
700	0.1100
