301	0.0619
302	0.2439
303	0.7582
304	0.6627
305	0.0262
306	0.1032
307	0.1702
308	0.1554
309	0.1076
310	0.1728
311	0.1075
312	0.0460
313	0.9950
314	0.0773
315	0.1708
316	0.1095
317	0.1379
318	0.0096
319	0.0424
320	0.7921
321	0.0311
322	0.0400
323	0.2264
324	0.1778
325	0.0963
326	0.1694
327	0.1429
328	0.1749
329	0.1291
330	0.2045
331	0.0238
332	0.2498
333	0.5376
334	0.1135
335	0.1516
336	0.0523
337	0.4037
338	0.1768
339	0.3604
340	0.0716
341	0.0322
342	0.2035
343	0.0342
344	0.0604
345	0.1438
346	0.0212
347	0.2094
348	0.0462
349	0.1142
350	0.0804
351	0.2738
352	0.2165
353	0.2742
354	0.0395
355	0.1033
356	0.2696
357	0.0673
358	0.2315
359	0.1549
360	0.0622
361	0.2460
362	0.0917
363	0.1370
364	0.2190
365	0.2445
366	0.1709
367	0.1403
368	0.3016
369	0.2550
370	0.0715
371	0.1829
372	0.1399
373	0.2708
374	0.4032
375	0.2085
376	0.0026
377	0.2533
378	0.0829
379	0.0408
380	0.3297
381	0.0520
382	0.3490
383	0.1954
384	0.2927
385	0.2250
386	0.1829
387	0.1879
388	0.0879
389	0.0767
390	0.1479
391	0.0233
392	0.1130
393	0.1147
394	0.0045
395	0.0366
396	0.2265
397	0.0671
398	0.2185
399	0.2698
400	0.5667
401	0.0469
402	0.1371
403	0.1893
404	0.1195
405	0.1451
406	0.3108
407	0.2686
408	0.2060
409	0.1111
410	0.3139
411	0.2543
412	0.0319
413	0.0436
414	0.2484
415	0.3218
416	0.2360
417	0.0282
418	0.1328
419	0.1608
420	0.4704
421	0.0970
422	0.1090
423	0.7004
424	0.0490
425	0.1989
426	0.1222
427	0.3001
428	0.1233
429	0.4264
430	0.2393
431	0.2251
432	0.1318
433	0.2012
434	0.1177
435	0.1061
436	0.0895
437	0.1731
438	0.0720
439	0.1576
440	0.0682
441	0.3141
442	0.0754
443	0.0254
444	0.1840
445	0.1780
446	0.0917
447	0.1444
448	0.0363
449	0.1109
450	0.2983
601	0.1920
602	0.3634
603	0.3570
604	0.4118
605	0.0701
606	0.0850
607	0.2289
608	0.0323
609	0.1764
610	0.1409
611	0.2921
612	0.2414
613	0.1138
614	0.3284
615	0.2127
616	0.1196
617	0.1240
618	0.7621
619	0.5176
620	0.1065
621	0.5474
622	0.0270
623	0.2609
624	0.5530
625	0.2509
626	0.1128
627	0.0590
628	0.2179
629	0.2431
630	0.1357
631	0.3785
632	0.2645
633	0.2565
634	0.3187
635	0.1570
636	0.0835
637	0.5927
638	0.0533
639	0.0723
640	0.1936
641	0.4963
642	0.4597
643	0.3669
644	0.2234
645	0.3881
646	0.1538
647	0.1633
648	0.0283
649	0.2803
650	0.2927
651	0.0695
652	0.2483
653	0.7472
654	0.0861
655	0.1913
656	0.1738
657	0.1420
658	0.2003
659	0.1028
660	0.3223
661	0.2458
662	0.1907
663	0.1132
664	0.1815
665	0.2434
666	0.1300
667	0.1950
668	0.1038
669	0.1160
670	0.1642
671	0.1601
673	0.2907
674	0.1050
675	0.3069
676	0.3966
677	0.4395
678	0.0896
679	0.0215
680	0.1453
681	0.0753
682	0.1330
683	0.1177
684	0.0005
685	0.1736
686	0.2597
687	0.1091
688	0.1131
689	0.0381
690	0.0807
691	0.1130
692	0.5867
693	0.0901
694	0.2837
695	0.3209
696	0.1589
697	0.0902
698	0.1777
699	0.0023
700	0.1077
