301	0.0495
302	0.2192
303	0.5609
304	0.4303
305	0.0130
306	0.0512
307	0.1291
308	0.1324
309	0.0775
310	0.1304
311	0.0780
312	0.1121
313	0.9950
314	0.0470
315	0.1382
316	0.1853
317	0.1338
318	0.0094
319	0.0285
320	0.6412
321	0.0169
322	0.0216
323	0.2239
324	0.1040
325	0.1135
326	0.1419
327	0.1326
328	0.2143
329	0.0700
330	0.1071
331	0.0123
332	0.1959
333	0.4369
334	0.1639
335	0.1115
336	0.0305
337	0.3326
338	0.1534
339	0.2263
340	0.0427
341	0.0221
342	0.1593
343	0.0246
344	0.0361
345	0.0766
346	0.0144
347	0.1613
348	0.1351
349	0.0819
350	0.0444
351	0.2029
352	0.2467
353	0.2065
354	0.0234
355	0.0704
356	0.2052
357	0.0325
358	0.1717
359	0.1690
360	0.0268
361	0.2212
362	0.0542
363	0.1015
364	0.1569
365	0.2092
366	0.1221
367	0.1054
368	0.2517
369	0.3925
370	0.0300
371	0.1970
372	0.1110
373	0.1938
374	0.3005
375	0.1378
376	0.0005
377	0.1954
378	0.0497
379	0.0352
380	0.2685
381	0.0305
382	0.2760
383	0.1340
384	0.2163
385	0.1530
386	0.1223
387	0.1501
388	0.0604
389	0.0399
390	0.1096
391	0.0133
392	0.0944
393	0.0871
394	0.0036
395	0.0363
396	0.1985
397	0.0444
398	0.1562
399	0.2383
400	0.3733
401	0.0195
402	0.0948
403	0.1484
404	0.0703
405	0.1316
406	0.2249
407	0.2032
408	0.1564
409	0.0740
410	0.1973
411	0.2908
412	0.0220
413	0.0389
414	0.1254
415	0.2463
416	0.1612
417	0.0267
418	0.1031
419	0.1195
420	0.3485
421	0.0829
422	0.0906
423	0.6871
424	0.0449
425	0.1239
426	0.0720
427	0.2105
428	0.0728
429	0.3268
430	0.1941
431	0.1497
432	0.0885
433	0.1694
434	0.0633
435	0.0708
436	0.0509
437	0.1065
438	0.0481
439	0.1206
440	0.0420
441	0.3122
442	0.0575
443	0.0187
444	0.1935
445	0.1420
446	0.0598
447	0.1158
448	0.0191
449	0.0972
450	0.1765
601	0.1049
602	0.2041
603	0.2581
604	0.3356
605	0.0482
606	0.0650
607	0.1472
608	0.0236
609	0.1345
610	0.1005
611	0.1666
612	0.1321
613	0.1001
614	0.2675
615	0.1196
616	0.0726
617	0.0545
618	0.5647
619	0.3832
620	0.0533
621	0.4366
622	0.0245
623	0.1921
624	0.3606
625	0.2354
626	0.1007
627	0.0207
628	0.1594
629	0.1789
630	0.0977
631	0.2673
632	0.1689
633	0.2250
634	0.2047
635	0.1050
636	0.0557
637	0.3865
638	0.0360
639	0.0354
640	0.1309
641	0.3023
642	0.3169
643	0.2612
644	0.1584
645	0.2764
646	0.1033
647	0.1437
648	0.0166
649	0.2243
650	0.1982
651	0.0508
652	0.1830
653	0.4894
654	0.0653
655	0.1432
656	0.1372
657	0.0960
658	0.1789
659	0.0697
660	0.1851
661	0.2488
662	0.1601
663	0.0714
664	0.0978
665	0.1769
666	0.0897
667	0.1705
668	0.0670
669	0.0840
670	0.1434
671	0.1294
673	0.1886
674	0.0864
675	0.2032
676	0.2907
677	0.4760
678	0.0545
679	0.0111
680	0.0757
681	0.0529
682	0.0769
683	0.1381
684	0.0046
685	0.1326
686	0.1797
687	0.0890
688	0.0807
689	0.0235
690	0.0499
691	0.0635
692	0.4978
693	0.0559
694	0.2538
695	0.1933
696	0.1147
697	0.0731
698	0.1281
699	0.0056
700	0.0641
