301	0.0721
302	0.2729
303	0.7226
304	0.7476
305	0.0224
306	0.0901
307	0.2621
308	0.2111
309	0.1301
310	0.1633
311	0.1445
312	0.4604
313	0.6542
314	0.0706
315	0.2131
316	0.5365
317	0.1367
318	0.0142
319	0.0437
320	0.9950
321	0.0222
322	0.0371
323	0.2552
324	0.1575
325	0.1099
326	0.1778
327	0.2116
328	0.2543
329	0.1158
330	0.1775
331	0.0129
332	0.2911
333	0.4614
334	0.1300
335	0.0924
336	0.0521
337	0.2750
338	0.1944
339	0.3299
340	0.0627
341	0.0359
342	0.2006
343	0.0469
344	0.0430
345	0.1074
346	0.0258
347	0.2943
348	0.5896
349	0.1268
350	0.0708
351	0.2876
352	0.1072
353	0.2178
354	0.0396
355	0.1131
356	0.1336
357	0.0666
358	0.2348
359	0.3369
360	0.0355
361	0.1923
362	0.0826
363	0.1422
364	0.2329
365	0.2379
366	0.1778
367	0.1918
368	0.2252
369	0.3598
370	0.0591
371	0.2620
372	0.1867
373	0.2664
374	0.4208
375	0.1903
376	0.0007
377	0.2721
378	0.0838
379	0.0567
380	0.3245
381	0.0543
382	0.3411
383	0.1887
384	0.2817
385	0.1862
386	0.1735
387	0.2860
388	0.0965
389	0.0634
390	0.1333
391	0.0211
392	0.1364
393	0.1538
394	0.0068
395	0.0748
396	0.2229
397	0.0586
398	0.2480
399	0.2621
400	0.3801
401	0.0262
402	0.1151
403	0.2122
404	0.1343
405	0.1948
406	0.2617
407	0.2640
408	0.1894
409	0.0940
410	0.1982
411	0.2441
412	0.0359
413	0.0524
414	0.2113
415	0.3842
416	0.1984
417	0.0355
418	0.1277
419	0.1524
420	0.3979
421	0.1516
422	0.1422
423	0.4028
424	0.0778
425	0.1689
426	0.0912
427	0.1997
428	0.0931
429	0.3773
430	0.1434
431	0.2185
432	0.1797
433	0.3094
434	0.1025
435	0.0997
436	0.0757
437	0.1788
438	0.0806
439	0.1816
440	0.0559
441	0.1953
442	0.0923
443	0.0284
444	0.1685
445	0.1999
446	0.0895
447	0.1854
448	0.0351
449	0.1430
450	0.2902
601	0.1841
602	0.3478
603	0.3734
604	0.3849
605	0.0862
606	0.0912
607	0.2426
608	0.0253
609	0.1703
610	0.1549
611	0.2618
612	0.1718
613	0.1277
614	0.1862
615	0.1732
616	0.1120
617	0.0940
618	0.8093
619	0.5140
620	0.0751
621	0.4892
622	0.0384
623	0.2407
624	0.2352
625	0.2761
626	0.1462
627	0.0290
628	0.2488
629	0.2739
630	0.1303
631	0.4313
632	0.2988
633	0.1848
634	0.0767
635	0.1239
636	0.0783
637	0.4560
638	0.0543
639	0.0528
640	0.1740
641	0.3042
642	0.3894
643	0.3590
644	0.1942
645	0.3224
646	0.1343
647	0.1916
648	0.0257
649	0.2328
650	0.2416
651	0.0887
652	0.2276
653	0.5463
654	0.1052
655	0.2618
656	0.1580
657	0.1295
658	0.1936
659	0.1164
660	0.1685
661	0.1181
662	0.2174
663	0.1049
664	0.1223
665	0.2709
666	0.1049
667	0.2074
668	0.0892
669	0.1606
670	0.2255
671	0.1943
673	0.2197
674	0.1501
675	0.2453
676	0.3580
677	0.2787
678	0.0946
679	0.0104
680	0.0964
681	0.0780
682	0.1003
683	0.1385
684	0.0026
685	0.1808
686	0.1767
687	0.1804
688	0.1065
689	0.0293
690	0.0732
691	0.0766
692	0.5392
693	0.0827
694	0.1717
695	0.2289
696	0.1290
697	0.1019
698	0.1735
699	0.0000
700	0.0934
