301	0.0124
302	0.5283
303	0.1847
304	0.0476
305	0.0036
306	0.0708
307	0.0803
308	0.5087
309	0.0000
310	0.1133
311	0.1509
312	0.7982
313	0.6847
314	0.0015
315	0.0002
316	0.6056
317	0.5919
318	0.0163
319	0.0056
320	0.0448
321	0.2113
322	0.0000
323	0.3586
324	0.3654
325	0.0000
326	0.5723
327	0.0700
328	0.6542
329	0.2674
330	0.0509
331	0.1690
332	0.0228
333	0.2883
334	0.3498
335	0.1954
336	0.0009
337	0.1389
338	0.4145
339	0.4095
340	0.0145
341	0.2370
342	0.0800
343	0.0042
344	0.0000
345	0.0588
346	0.0426
347	0.0083
348	0.8100
349	0.2104
350	0.0327
351	0.5949
352	0.0554
353	0.1344
354	0.0235
355	0.0696
356	0.0105
357	0.1160
358	0.1382
359	0.0000
360	0.0266
361	0.3726
362	0.0677
363	0.0079
364	0.4712
365	0.6508
366	0.3054
367	0.0235
368	0.4197
369	0.2824
370	0.0074
371	0.0000
372	0.0257
373	0.2606
374	0.1123
375	0.1890
376	0.0108
377	0.2722
378	0.0015
379	0.0139
380	0.2026
381	0.0653
382	0.4393
383	0.0145
384	0.1257
385	0.1809
386	0.0158
387	0.0561
388	0.0004
389	0.0232
390	0.0859
391	0.1671
392	0.3237
393	0.0554
394	0.0035
395	0.0339
396	0.3082
397	0.3216
398	0.0017
399	0.1073
400	0.3224
401	0.0082
402	0.0737
403	0.7487
404	0.0526
405	0.0666
406	0.3548
407	0.3301
408	0.0728
409	0.0906
410	0.8295
411	0.2955
412	0.1241
413	0.0657
414	0.1639
415	0.1650
416	0.2463
417	0.2424
418	0.1637
419	0.0962
420	0.3717
421	0.0039
422	0.0921
423	0.6657
424	0.0354
425	0.2173
426	0.0289
427	0.1285
428	0.1188
429	0.3621
430	0.5606
431	0.3645
432	0.0000
433	0.1196
434	0.1566
435	0.0051
436	0.0687
437	0.0025
438	0.0883
439	0.0044
440	0.0532
441	0.7910
442	0.0085
443	0.0802
444	0.8292
445	0.1650
446	0.1084
447	0.3191
448	0.0081
449	0.0251
450	0.1318
601	0.5273
602	0.0999
603	0.3554
604	0.7321
605	0.0691
606	0.2844
607	0.2027
608	0.0332
609	0.3398
610	0.0215
611	0.1882
612	0.4863
613	0.0632
614	0.4211
615	0.1065
616	0.8172
617	0.2572
618	0.1549
619	0.5431
620	0.0453
621	0.2916
622	0.0041
623	0.3209
624	0.1960
625	0.0101
626	0.0417
627	0.0192
628	0.1144
629	0.1133
630	0.5000
631	0.0490
632	0.0058
633	0.5582
634	0.7878
635	0.5612
636	0.2613
637	0.3685
638	0.0131
639	0.1109
640	0.2766
641	0.2808
642	0.0990
643	0.1381
644	0.0725
645	0.6014
646	0.1833
647	0.2032
648	0.3571
649	0.5749
650	0.0340
651	0.0055
652	0.4287
653	0.3964
654	0.2901
655	0.0000
656	0.1989
657	0.3745
658	0.1274
659	0.0065
660	0.6016
661	0.5237
662	0.5360
663	0.3946
664	0.4344
665	0.0702
666	0.0000
667	0.2855
668	0.2347
669	0.1211
670	0.0079
671	0.1987
673	0.1618
674	0.1075
675	0.2645
676	0.1655
677	0.8882
678	0.1053
679	0.7732
680	0.0483
681	0.1755
682	0.0728
683	0.0112
684	0.0433
685	0.2206
686	0.1872
687	0.1243
688	0.0671
689	0.0291
690	0.0102
691	0.2567
692	0.4365
693	0.0745
694	0.3902
695	0.2322
696	0.3048
697	0.0898
698	0.5108
699	0.2753
700	0.1595
