301	0.0576
302	0.2349
303	0.7130
304	0.5660
305	0.0243
306	0.0994
307	0.1637
308	0.1508
309	0.0984
310	0.1525
311	0.1004
312	0.0926
313	0.9950
314	0.0701
315	0.1547
316	0.1596
317	0.1283
318	0.0097
319	0.0383
320	0.7188
321	0.0298
322	0.0373
323	0.2123
324	0.1667
325	0.0919
326	0.1574
327	0.1266
328	0.1614
329	0.1251
330	0.1868
331	0.0221
332	0.2212
333	0.5061
334	0.1033
335	0.1422
336	0.0495
337	0.3648
338	0.1663
339	0.3545
340	0.0673
341	0.0302
342	0.1948
343	0.0326
344	0.0554
345	0.1313
346	0.0204
347	0.2049
348	0.1215
349	0.1166
350	0.0760
351	0.2517
352	0.2022
353	0.2595
354	0.0361
355	0.0967
356	0.2733
357	0.0676
358	0.2254
359	0.1388
360	0.0565
361	0.2317
362	0.0845
363	0.1253
364	0.2009
365	0.2261
366	0.1587
367	0.1248
368	0.2907
369	0.2920
370	0.0639
371	0.1642
372	0.1299
373	0.2640
374	0.3686
375	0.1930
376	0.0026
377	0.2504
378	0.0794
379	0.0377
380	0.2987
381	0.0524
382	0.3210
383	0.1806
384	0.2714
385	0.1994
386	0.1784
387	0.1822
388	0.0868
389	0.0663
390	0.1446
391	0.0227
392	0.1097
393	0.1046
394	0.0053
395	0.0347
396	0.2057
397	0.0629
398	0.1957
399	0.2504
400	0.5492
401	0.0449
402	0.1244
403	0.1861
404	0.1182
405	0.1322
406	0.2887
407	0.2567
408	0.1969
409	0.1036
410	0.2805
411	0.2394
412	0.0302
413	0.0396
414	0.2341
415	0.3017
416	0.2208
417	0.0273
418	0.1270
419	0.1407
420	0.4760
421	0.0853
422	0.1088
423	0.6563
424	0.0474
425	0.1805
426	0.1170
427	0.2782
428	0.1216
429	0.3976
430	0.2422
431	0.2030
432	0.1245
433	0.1821
434	0.1120
435	0.0984
436	0.0842
437	0.1611
438	0.0638
439	0.1491
440	0.0630
441	0.2767
442	0.0701
443	0.0247
444	0.1784
445	0.1661
446	0.0847
447	0.1335
448	0.0345
449	0.1027
450	0.2838
601	0.1784
602	0.3257
603	0.3215
604	0.4031
605	0.0643
606	0.0801
607	0.2159
608	0.0302
609	0.1702
610	0.1314
611	0.2892
612	0.2152
613	0.1052
614	0.2975
615	0.1921
616	0.1121
617	0.1145
618	0.7092
619	0.4745
620	0.0978
621	0.5099
622	0.0272
623	0.2482
624	0.5026
625	0.2428
626	0.1116
627	0.0581
628	0.2164
629	0.2097
630	0.1305
631	0.3537
632	0.2442
633	0.2375
634	0.3061
635	0.1551
636	0.0800
637	0.5409
638	0.0533
639	0.0615
640	0.1803
641	0.4558
642	0.3918
643	0.3464
644	0.1989
645	0.3424
646	0.1437
647	0.1562
648	0.0291
649	0.2522
650	0.2781
651	0.0703
652	0.2164
653	0.6973
654	0.0824
655	0.1760
656	0.1604
657	0.1293
658	0.1861
659	0.0977
660	0.3007
661	0.2539
662	0.1838
663	0.1098
664	0.1703
665	0.2277
666	0.1305
667	0.1879
668	0.0899
669	0.1126
670	0.1479
671	0.1587
673	0.2859
674	0.1040
675	0.2706
676	0.3469
677	0.4135
678	0.0879
679	0.0230
680	0.1349
681	0.0692
682	0.1233
683	0.1086
684	0.0005
685	0.1539
686	0.2386
687	0.1117
688	0.1016
689	0.0345
690	0.0760
691	0.1074
692	0.5307
693	0.0843
694	0.2664
695	0.3171
696	0.1496
697	0.0880
698	0.1654
699	0.0030
700	0.0980
