301	0.1313
302	0.2231
303	0.3747
304	0.5012
305	0.1473
306	0.1437
307	0.4111
308	0.3380
309	0.2678
310	0.0971
311	0.2597
312	0.9950
313	0.4645
314	0.2132
315	0.1705
316	0.2278
317	0.2709
318	0.0832
319	0.1956
320	0.3814
321	0.1639
322	0.0586
323	0.1825
324	0.1578
325	0.2430
326	0.4702
327	0.3434
328	0.4373
329	0.1342
330	0.2244
331	0.0198
332	0.2605
333	0.3846
334	0.0855
335	0.1054
336	0.0864
337	0.4925
338	0.3335
339	0.2750
340	0.0862
341	0.1747
342	0.3445
343	0.2139
344	0.1515
345	0.1321
346	0.1718
347	0.4459
348	0.9409
349	0.6332
350	0.1097
351	0.2535
352	0.1090
353	0.3440
354	0.1728
355	0.1798
356	0.0895
357	0.1256
358	0.2747
359	0.2307
360	0.0480
361	0.3237
362	0.2034
363	0.1613
364	0.9270
365	0.3739
366	0.2839
367	0.7782
368	0.3311
369	0.2529
370	0.1035
371	0.1707
372	0.1861
373	0.2099
374	0.3091
375	0.3386
376	0.0611
377	0.4063
378	0.2085
379	0.4917
380	0.2339
381	0.2015
382	0.3283
383	0.2189
384	0.2841
385	0.1955
386	0.2207
387	0.4819
388	0.1104
389	0.1120
390	0.2766
391	0.1433
392	0.7127
393	0.3093
394	0.0802
395	0.6200
396	0.3060
397	0.1789
398	0.2387
399	0.4114
400	0.2744
401	0.0333
402	0.2459
403	0.7480
404	0.1618
405	0.3333
406	0.3848
407	0.2418
408	0.3405
409	0.1130
410	0.3203
411	0.2151
412	0.1747
413	0.1794
414	0.2447
415	0.3199
416	0.3233
417	0.4206
418	0.2061
419	0.1929
420	0.2749
421	0.2268
422	0.1584
423	0.3313
424	0.5750
425	0.2937
426	0.1113
427	0.1721
428	0.1179
429	0.6514
430	0.1488
431	0.3597
432	0.1830
433	0.2366
434	0.2310
435	0.1390
436	0.2421
437	0.2329
438	0.2329
439	0.2306
440	0.2160
441	0.3196
442	0.2109
443	0.0502
444	0.3103
445	0.3380
446	0.2858
447	0.3075
448	0.1710
449	0.2919
450	0.2820
601	0.2556
602	0.3587
603	0.3589
604	0.2916
605	0.0822
606	0.1232
607	0.2564
608	0.0609
609	0.1895
610	0.1139
611	0.2418
612	0.3074
613	0.1500
614	0.1452
615	0.1912
616	0.2923
617	0.1210
618	0.4239
619	0.3173
620	0.1304
621	0.2469
622	0.1679
623	0.2661
624	0.1881
625	0.2379
626	0.2237
627	0.0454
628	0.2012
629	0.2694
630	0.1382
631	0.1860
632	0.1556
633	0.3928
634	0.1815
635	0.1367
636	0.0892
637	0.1453
638	0.1859
639	0.0980
640	0.1559
641	0.1428
642	0.2898
643	0.2139
644	0.1886
645	0.5425
646	0.1800
647	0.3009
648	0.0882
649	0.4109
650	0.2026
651	0.1259
652	0.1672
653	0.3626
654	0.3038
655	0.2376
656	0.2066
657	0.1444
658	0.4077
659	0.1334
660	0.1522
661	0.2251
662	0.2855
663	0.1694
664	0.1624
665	0.1952
666	0.1060
667	0.1793
668	0.2602
669	0.4089
670	0.1528
671	0.2083
673	0.2082
674	0.2630
675	0.2627
676	0.5055
677	0.2454
678	0.1108
679	0.0242
680	0.1258
681	0.1210
682	0.1496
683	0.3177
684	0.0005
685	0.2109
686	0.1906
687	0.2300
688	0.0967
689	0.0550
690	0.1164
691	0.1069
692	0.2120
693	0.1356
694	0.3106
695	0.1235
696	0.1755
697	0.1655
698	0.1485
699	0.0698
700	0.0878
