301	0.1635
302	0.3026
303	0.5573
304	0.5379
305	0.2198
306	0.2351
307	0.4210
308	0.4208
309	0.3423
310	0.1976
311	0.3143
312	0.7087
313	0.6783
314	0.3188
315	0.2138
316	0.1492
317	0.4342
318	0.1172
319	0.2519
320	0.4257
321	0.2434
322	0.1242
323	0.2710
324	0.2579
325	0.3390
326	0.4960
327	0.3660
328	0.4653
329	0.2643
330	0.3429
331	0.1030
332	0.3057
333	0.5355
334	0.1668
335	0.2766
336	0.1630
337	0.6946
338	0.4440
339	0.4075
340	0.2067
341	0.2124
342	0.4845
343	0.2479
344	0.3030
345	0.2472
346	0.2041
347	0.5139
348	0.7593
349	0.8221
350	0.2066
351	0.3407
352	0.2225
353	0.5274
354	0.2340
355	0.2405
356	0.3402
357	0.2018
358	0.3753
359	0.1713
360	0.1768
361	0.5388
362	0.3249
363	0.2484
364	0.9950
365	0.5306
366	0.3773
367	0.8213
368	0.5926
369	0.3420
370	0.1988
371	0.2033
372	0.2216
373	0.3072
374	0.4315
375	0.4754
376	0.1042
377	0.5594
378	0.3235
379	0.5379
380	0.3398
381	0.2808
382	0.4168
383	0.3369
384	0.3719
385	0.3021
386	0.3255
387	0.4971
388	0.1887
389	0.1822
390	0.4245
391	0.1973
392	0.7964
393	0.3533
394	0.1184
395	0.5303
396	0.3420
397	0.3011
398	0.2981
399	0.5031
400	0.5315
401	0.1484
402	0.4185
403	0.9744
404	0.2442
405	0.3864
406	0.5915
407	0.3496
408	0.5175
409	0.2259
410	0.5243
411	0.3154
412	0.2124
413	0.2391
414	0.3781
415	0.3908
416	0.4899
417	0.4924
418	0.3412
419	0.3000
420	0.5194
421	0.2133
422	0.2102
423	0.5497
424	0.5867
425	0.4462
426	0.2519
427	0.3354
428	0.2387
429	0.6619
430	0.3769
431	0.4827
432	0.2060
433	0.2101
434	0.3674
435	0.2198
436	0.3616
437	0.2894
438	0.2790
439	0.2924
440	0.3273
441	0.5948
442	0.2682
443	0.0820
444	0.4983
445	0.4367
446	0.3632
447	0.3901
448	0.2329
449	0.3555
450	0.3791
601	0.3426
602	0.4322
603	0.4547
604	0.4711
605	0.1197
606	0.2254
607	0.3191
608	0.1377
609	0.3244
610	0.1809
611	0.3607
612	0.5020
613	0.2248
614	0.3037
615	0.2955
616	0.3847
617	0.2300
618	0.5839
619	0.4666
620	0.2570
621	0.3531
622	0.2068
623	0.3793
624	0.4515
625	0.3173
626	0.3150
627	0.1869
628	0.3152
629	0.3499
630	0.2505
631	0.2827
632	0.2170
633	0.5490
634	0.5717
635	0.2918
636	0.2110
637	0.2685
638	0.2899
639	0.1878
640	0.2645
641	0.3239
642	0.4176
643	0.3011
644	0.3088
645	0.6326
646	0.2629
647	0.4203
648	0.1331
649	0.5426
650	0.3698
651	0.1639
652	0.2614
653	0.5940
654	0.3389
655	0.2688
656	0.2793
657	0.2560
658	0.4958
659	0.2077
660	0.3743
661	0.5172
662	0.4207
663	0.2628
664	0.3173
665	0.2838
666	0.2355
667	0.2845
668	0.3736
669	0.4375
670	0.2030
671	0.2586
673	0.3900
674	0.3543
675	0.4004
676	0.6641
677	0.4475
678	0.1821
679	0.1124
680	0.2729
681	0.1798
682	0.2603
683	0.3639
684	0.0005
685	0.2662
686	0.3174
687	0.2338
688	0.1834
689	0.1322
690	0.2140
691	0.2336
692	0.3363
693	0.2310
694	0.5848
695	0.2916
696	0.2755
697	0.2204
698	0.2511
699	0.1214
700	0.1804
