301	0.1164
302	0.2500
303	0.4205
304	0.3713
305	0.1148
306	0.1092
307	0.3149
308	0.3566
309	0.2311
310	0.1158
311	0.2288
312	0.8553
313	0.6003
314	0.1912
315	0.1560
316	0.1737
317	0.3796
318	0.0742
319	0.1670
320	0.3297
321	0.1538
322	0.0337
323	0.2364
324	0.1345
325	0.3212
326	0.4000
327	0.2955
328	0.4514
329	0.1313
330	0.1900
331	0.0255
332	0.2413
333	0.4198
334	0.1646
335	0.1975
336	0.0696
337	0.5800
338	0.3530
339	0.2615
340	0.0991
341	0.1344
342	0.3795
343	0.1667
344	0.1849
345	0.1254
346	0.1360
347	0.3975
348	0.9950
349	0.6668
350	0.0888
351	0.2302
352	0.1925
353	0.4005
354	0.1254
355	0.1632
356	0.2512
357	0.0746
358	0.2695
359	0.1414
360	0.0631
361	0.4341
362	0.1948
363	0.1541
364	0.7955
365	0.4211
366	0.2725
367	0.6605
368	0.4819
369	0.4105
370	0.0746
371	0.1770
372	0.1408
373	0.1967
374	0.3300
375	0.3394
376	0.0303
377	0.4476
378	0.1991
379	0.4593
380	0.2521
381	0.1753
382	0.3183
383	0.2332
384	0.2756
385	0.1885
386	0.2125
387	0.3989
388	0.1019
389	0.0689
390	0.3259
391	0.1167
392	0.6836
393	0.2598
394	0.0704
395	0.4866
396	0.2761
397	0.1968
398	0.1960
399	0.4239
400	0.3888
401	0.0411
402	0.2976
403	0.7890
404	0.1340
405	0.3099
406	0.4552
407	0.2539
408	0.4076
409	0.1305
410	0.3530
411	0.2992
412	0.1344
413	0.1970
414	0.2071
415	0.2787
416	0.3775
417	0.4490
418	0.2663
419	0.2054
420	0.3903
421	0.1561
422	0.1560
423	0.5153
424	0.5175
425	0.3120
426	0.1469
427	0.2269
428	0.1373
429	0.5206
430	0.2877
431	0.3499
432	0.1175
433	0.1700
434	0.2162
435	0.1290
436	0.2253
437	0.1670
438	0.1870
439	0.2027
440	0.2108
441	0.5065
442	0.1787
443	0.0326
444	0.4274
445	0.3362
446	0.2445
447	0.2897
448	0.1228
449	0.2974
450	0.2425
601	0.1940
602	0.2647
603	0.3339
604	0.3818
605	0.0505
606	0.1522
607	0.2038
608	0.0827
609	0.2333
610	0.0987
611	0.2155
612	0.3134
613	0.1694
614	0.2366
615	0.1587
616	0.2498
617	0.0828
618	0.4427
619	0.3512
620	0.1395
621	0.2697
622	0.1672
623	0.2875
624	0.3203
625	0.2492
626	0.2555
627	0.0452
628	0.2190
629	0.2309
630	0.1624
631	0.1913
632	0.1272
633	0.4508
634	0.3737
635	0.1893
636	0.1182
637	0.1749
638	0.1924
639	0.0916
640	0.1747
641	0.1883
642	0.2955
643	0.1931
644	0.2110
645	0.4924
646	0.1751
647	0.3308
648	0.0659
649	0.4366
650	0.2412
651	0.1006
652	0.1746
653	0.4210
654	0.2614
655	0.1801
656	0.2203
657	0.1541
658	0.4154
659	0.1043
660	0.2336
661	0.4373
662	0.3164
663	0.1518
664	0.1879
665	0.1982
666	0.1505
667	0.2152
668	0.2541
669	0.3370
670	0.1452
671	0.1796
673	0.2675
674	0.2628
675	0.2753
676	0.5276
677	0.3980
678	0.0977
679	0.0438
680	0.1474
681	0.1140
682	0.1503
683	0.3361
684	0.0005
685	0.1831
686	0.2141
687	0.1754
688	0.1118
689	0.0615
690	0.1166
691	0.1420
692	0.2557
693	0.1288
694	0.4925
695	0.1739
696	0.1923
697	0.1722
698	0.1561
699	0.1147
700	0.0972
