301	0.1749
302	0.3134
303	0.5819
304	0.5390
305	0.2022
306	0.2514
307	0.4084
308	0.4345
309	0.3889
310	0.1783
311	0.3247
312	0.3109
313	0.7029
314	0.3430
315	0.2060
316	0.0547
317	0.4561
318	0.1063
319	0.2904
320	0.4164
321	0.2668
322	0.1491
323	0.3048
324	0.2690
325	0.3448
326	0.5278
327	0.3552
328	0.4509
329	0.2598
330	0.3553
331	0.1008
332	0.2907
333	0.5569
334	0.1775
335	0.2959
336	0.1538
337	0.7461
338	0.4763
339	0.4558
340	0.2112
341	0.2145
342	0.4741
343	0.2560
344	0.3043
345	0.2594
346	0.1964
347	0.4826
348	0.2364
349	0.8754
350	0.1992
351	0.3544
352	0.2408
353	0.5164
354	0.2488
355	0.2479
356	0.3497
357	0.2300
358	0.3762
359	0.1772
360	0.1964
361	0.5982
362	0.3625
363	0.2365
364	0.9950
365	0.6035
366	0.3920
367	0.8947
368	0.5926
369	0.2814
370	0.2121
371	0.2012
372	0.2329
373	0.3268
374	0.4623
375	0.4742
376	0.1113
377	0.5645
378	0.2973
379	0.5630
380	0.3341
381	0.3149
382	0.4500
383	0.3400
384	0.3710
385	0.3335
386	0.3239
387	0.5066
388	0.1926
389	0.1889
390	0.4508
391	0.2012
392	0.8582
393	0.3700
394	0.1188
395	0.5561
396	0.3401
397	0.3284
398	0.2779
399	0.5143
400	0.5416
401	0.1418
402	0.4553
403	0.9336
404	0.2335
405	0.4188
406	0.5499
407	0.3352
408	0.5431
409	0.2453
410	0.5555
411	0.3372
412	0.2298
413	0.2597
414	0.4178
415	0.4276
416	0.5187
417	0.5237
418	0.3580
419	0.3287
420	0.5214
421	0.2201
422	0.2319
423	0.5636
424	0.6452
425	0.4711
426	0.2489
427	0.3488
428	0.2435
429	0.7338
430	0.3696
431	0.4870
432	0.2272
433	0.2106
434	0.3783
435	0.2259
436	0.3652
437	0.3245
438	0.2550
439	0.2981
440	0.3774
441	0.6551
442	0.3055
443	0.0695
444	0.5482
445	0.4406
446	0.3712
447	0.3818
448	0.2247
449	0.3812
450	0.3923
601	0.3644
602	0.4392
603	0.4504
604	0.5064
605	0.1192
606	0.2526
607	0.3178
608	0.1229
609	0.3549
610	0.1817
611	0.3704
612	0.5986
613	0.2404
614	0.3395
615	0.3073
616	0.4290
617	0.2425
618	0.6289
619	0.4774
620	0.2530
621	0.3695
622	0.2046
623	0.4032
624	0.4761
625	0.3302
626	0.3123
627	0.1888
628	0.2950
629	0.3816
630	0.2569
631	0.3012
632	0.2117
633	0.5843
634	0.5676
635	0.3272
636	0.1909
637	0.2859
638	0.2891
639	0.1940
640	0.2942
641	0.3408
642	0.4299
643	0.3055
644	0.3141
645	0.6808
646	0.2744
647	0.4634
648	0.1319
649	0.5532
650	0.3927
651	0.1911
652	0.2594
653	0.6055
654	0.3879
655	0.2968
656	0.2834
657	0.2705
658	0.5495
659	0.1902
660	0.3856
661	0.5466
662	0.4277
663	0.2639
664	0.3374
665	0.2870
666	0.2337
667	0.2774
668	0.4004
669	0.4587
670	0.2063
671	0.2496
673	0.3875
674	0.3539
675	0.3930
676	0.6660
677	0.4506
678	0.1862
679	0.1041
680	0.2695
681	0.1881
682	0.2871
683	0.3852
684	0.0007
685	0.3092
686	0.3340
687	0.2528
688	0.1751
689	0.1288
690	0.2028
691	0.2485
692	0.3884
693	0.2433
694	0.5608
695	0.3026
696	0.2487
697	0.2252
698	0.2628
699	0.1136
700	0.1832
