301	0.0985
302	0.1548
303	0.3543
304	0.3335
305	0.1052
306	0.0993
307	0.3028
308	0.2743
309	0.2121
310	0.0902
311	0.2157
312	0.8543
313	0.3307
314	0.1714
315	0.1318
316	0.1840
317	0.2561
318	0.0792
319	0.1510
320	0.2656
321	0.1161
322	0.0404
323	0.1622
324	0.1216
325	0.2279
326	0.2916
327	0.2567
328	0.2881
329	0.1231
330	0.1711
331	0.0286
332	0.2090
333	0.2979
334	0.0813
335	0.1283
336	0.0723
337	0.3975
338	0.2610
339	0.1990
340	0.0937
341	0.1221
342	0.3144
343	0.1643
344	0.1601
345	0.1041
346	0.1261
347	0.3627
348	0.9950
349	0.5409
350	0.0848
351	0.1750
352	0.0737
353	0.2993
354	0.1182
355	0.1232
356	0.1079
357	0.0794
358	0.2117
359	0.1376
360	0.0637
361	0.2771
362	0.1807
363	0.1311
364	0.6270
365	0.3040
366	0.2299
367	0.6051
368	0.3530
369	0.2425
370	0.0830
371	0.1469
372	0.1256
373	0.1474
374	0.2821
375	0.2817
376	0.0426
377	0.3618
378	0.1891
379	0.4004
380	0.1977
381	0.1481
382	0.2282
383	0.2006
384	0.2152
385	0.1427
386	0.1742
387	0.3697
388	0.0948
389	0.0674
390	0.2355
391	0.1028
392	0.5703
393	0.2368
394	0.0772
395	0.4428
396	0.1722
397	0.1672
398	0.1786
399	0.3025
400	0.2903
401	0.0436
402	0.2405
403	0.6484
404	0.1371
405	0.2490
406	0.3526
407	0.1897
408	0.3302
409	0.1076
410	0.2628
411	0.1782
412	0.1221
413	0.1791
414	0.1803
415	0.2427
416	0.3005
417	0.3731
418	0.2144
419	0.1531
420	0.3021
421	0.1572
422	0.1325
423	0.2604
424	0.4570
425	0.2579
426	0.1174
427	0.1393
428	0.1069
429	0.3423
430	0.1598
431	0.3006
432	0.1204
433	0.1423
434	0.1969
435	0.1086
436	0.1890
437	0.1442
438	0.1721
439	0.1643
440	0.1762
441	0.3098
442	0.1668
443	0.0346
444	0.2382
445	0.2731
446	0.2037
447	0.2434
448	0.1177
449	0.2284
450	0.2106
601	0.1688
602	0.2250
603	0.2773
604	0.2504
605	0.0569
606	0.1149
607	0.1709
608	0.0713
609	0.1745
610	0.0908
611	0.1784
612	0.2586
613	0.1448
614	0.1107
615	0.1380
616	0.2025
617	0.0784
618	0.3923
619	0.2900
620	0.1206
621	0.1804
622	0.1515
623	0.2261
624	0.1913
625	0.1424
626	0.2258
627	0.0460
628	0.2102
629	0.2137
630	0.1206
631	0.1903
632	0.1209
633	0.2864
634	0.1527
635	0.1403
636	0.0973
637	0.1106
638	0.1709
639	0.0813
640	0.1383
641	0.1390
642	0.2408
643	0.1513
644	0.1715
645	0.3687
646	0.1367
647	0.2625
648	0.0513
649	0.3201
650	0.2056
651	0.0945
652	0.1328
653	0.3316
654	0.2187
655	0.1658
656	0.1555
657	0.1190
658	0.3160
659	0.0937
660	0.1603
661	0.2351
662	0.2655
663	0.1167
664	0.1439
665	0.1677
666	0.1196
667	0.1537
668	0.2092
669	0.3038
670	0.1453
671	0.1505
673	0.2093
674	0.2313
675	0.2196
676	0.4201
677	0.2075
678	0.0875
679	0.0264
680	0.1165
681	0.0953
682	0.1127
683	0.2281
684	0.0000
685	0.1495
686	0.1506
687	0.1679
688	0.0994
689	0.0580
690	0.1096
691	0.1060
692	0.1944
693	0.1198
694	0.3097
695	0.1314
696	0.1361
697	0.1417
698	0.1262
699	0.0873
700	0.0925
