401	0.0082
402	0.0737
403	0.7487
404	0.0526
405	0.0666
406	0.3548
407	0.3301
408	0.0728
409	0.0906
410	0.8295
411	0.2955
412	0.1241
413	0.0657
414	0.1639
415	0.1650
416	0.2463
417	0.2424
418	0.1637
419	0.0962
420	0.3717
421	0.0039
422	0.0921
423	0.6657
424	0.0354
425	0.2173
426	0.0289
427	0.1285
428	0.1188
429	0.3621
430	0.5606
431	0.3645
432	0.0000
433	0.1196
434	0.1566
435	0.0051
436	0.0687
437	0.0025
438	0.0883
439	0.0044
440	0.0532
441	0.7910
442	0.0085
443	0.0802
444	0.8292
445	0.1650
446	0.1084
447	0.3191
448	0.0081
449	0.0251
450	0.1318
