301	0.0012
302	0.0897
303	0.0500
304	0.0071
305	0.0036
306	0.0171
307	0.0122
308	0.5000
309	0.0000
310	0.1154
311	0.0241
312	0.4968
313	0.1075
314	0.0000
315	0.0017
316	0.1708
317	0.3254
318	0.0137
319	0.0000
320	0.0000
321	0.0433
322	0.0000
323	0.0794
324	0.0269
325	0.0000
326	0.2174
327	0.0101
328	0.6622
329	0.0536
330	0.0214
331	0.0376
332	0.0039
333	0.1255
334	0.3333
335	0.0878
336	0.0833
337	0.0241
338	0.3750
339	0.2500
340	0.0290
341	0.0790
342	0.0000
343	0.0000
344	0.0000
345	0.0119
346	0.0010
347	0.0008
348	0.8100
349	0.1068
350	0.0294
351	0.1875
352	0.0213
353	0.0185
354	0.0025
355	0.0296
356	0.0000
357	0.0194
358	0.0188
359	0.0000
360	0.0444
361	0.2919
362	0.0395
363	0.0625
364	0.1688
365	0.2857
366	0.0503
367	0.0092
368	0.1639
369	0.2000
370	0.0003
371	0.0000
372	0.0408
373	0.1715
374	0.0152
375	0.0628
376	0.0025
377	0.1048
378	0.0000
379	0.0125
380	0.0000
381	0.0437
382	0.1407
383	0.0050
384	0.0631
385	0.0814
386	0.0000
387	0.0112
388	0.0098
389	0.0006
390	0.0516
391	0.0169
392	0.0848
393	0.0282
394	0.0000
395	0.0035
396	0.1695
397	0.1265
398	0.0014
399	0.0012
400	0.0640
401	0.0030
402	0.0465
403	0.3550
404	0.0024
405	0.0401
406	0.1154
407	0.0869
408	0.0246
409	0.0568
410	0.1538
411	0.0963
412	0.0238
413	0.0280
414	0.0723
415	0.0614
416	0.0513
417	0.0566
418	0.0464
419	0.0625
420	0.2203
421	0.0000
422	0.0203
423	0.4058
424	0.0007
425	0.0526
426	0.0065
427	0.0829
428	0.0198
429	0.0939
430	0.4583
431	0.0692
432	0.0000
433	0.1026
434	0.0288
435	0.0179
436	0.0070
437	0.0000
438	0.0000
439	0.0015
440	0.0068
441	0.3696
442	0.0043
443	0.0141
444	0.4797
445	0.0845
446	0.0302
447	0.1312
448	0.0036
449	0.0052
450	0.0229
601	0.4833
602	0.0138
603	0.0833
604	0.7321
605	0.0000
606	0.2500
607	0.1612
608	0.0185
609	0.1600
610	0.0000
611	0.0823
612	0.2824
613	0.0124
614	0.1000
615	0.0278
616	0.2439
617	0.0499
618	0.0241
619	0.2934
620	0.0370
621	0.1148
622	0.0000
623	0.1718
624	0.1389
625	0.0093
626	0.0000
627	0.0119
628	0.0000
629	0.0816
630	0.5104
631	0.0106
632	0.0845
633	0.2128
634	0.5560
635	0.3664
636	0.3091
637	0.2333
638	0.0071
639	0.0625
640	0.1169
641	0.0574
642	0.0313
643	0.1207
644	0.0208
645	0.2812
646	0.0000
647	0.1606
648	0.1152
649	0.2703
650	0.0000
651	0.0175
652	0.0862
653	0.0718
654	0.1754
655	0.0000
656	0.0901
657	0.3661
658	0.0311
659	0.0000
660	0.2984
661	0.2398
662	0.2506
663	0.2211
664	0.2417
665	0.1053
666	0.0000
667	0.1341
668	0.0000
669	0.0522
670	0.0611
671	0.0614
673	0.1543
674	0.0183
675	0.1038
676	0.0330
677	0.8261
678	0.1368
679	0.7722
680	0.0223
681	0.1276
682	0.0423
683	0.0159
684	0.0244
685	0.1333
686	0.0471
687	0.0666
688	0.0169
689	0.0000
690	0.0000
691	0.1988
692	0.1320
693	0.0763
694	0.0845
695	0.0888
696	0.1288
697	0.0353
698	0.3571
699	0.0644
700	0.0090
